3 1 0 1 1 0 1 0 0 1 0 1 1 0 1 1 1 1 0 1 1 0 1 0 0 1 0 1 1 0 1 0 
0 2 0 2 2 0 2 0 0 2 1 1 2 0 2 0 0 1 2 0 2 0 1 0 0 1 2 0 2 0 1 0 
0 3 3 0 3 0 3 0 0 3 3 0 3 0 3 0 0 3 4 0 4 0 3 0 0 3 4 0 4 0 3 0 
0 4 4 0 4 0 4 0 1 3 4 0 4 0 4 0 6 0 5 0 2 3 6 0 6 0 5 0 3 2 6 0 
6 0 6 0 0 6 6 0 6 0 6 0 0 6 6 0 10 0 5 0 0 5 7 3 10 0 5 0 0 5 8 12 
10 4 3 0 0 7 0 31 9 5 2 0 0 7 0 20 0 6 0 0 0 6 0 0 0 6 0 0 0 6 0 0 
0 8 0 0 0 8 0 0 0 8 0 0 0 8 0 0 0 7 0 0 0 7 0 0 0 7 0 0 0 7 0 0 
1 7 0 0 0 4 4 0 2 6 0 0 0 5 3 0 8 0 0 0 0 0 8 0 8 0 0 0 0 0 8 0 
8 0 0 0 0 0 8 0 8 0 0 0 0 0 8 0 10 0 0 0 0 0 10 0 10 0 0 0 0 0 10 8 
5 0 0 0 0 0 10 12 4 0 0 0 0 0 11 13 0 0 0 0 0 0 0 22 0 0 0 0 0 0 0 11 
0 0 0 0 0 0 0 0 0 0 0 0 0 0 0 0 0 0 0 0 0 0 0 0 0 0 0 0 0 0 0 0 
0 0 0 0 0 0 0 0 0 0 0 0 0 0 0 0 0 0 0 0 0 0 0 0 0 0 0 0 0 0 0 0 
0 0 0 0 0 0 0 0 0 0 0 0 0 0 0 0 0 0 0 0 0 0 0 0 0 0 0 0 0 0 0 0 
0 0 0 0 0 0 0 0 0 0 0 0 0 0 0 11 0 0 0 0 0 0 7 15 0 0 0 0 0 0 8 16 
0 0 0 0 0 0 13 13 0 0 0 0 0 0 13 7 3 0 0 0 0 0 10 8 2 0 0 0 0 0 10 0 
8 0 0 0 0 6 2 0 8 0 0 0 0 7 1 0 8 0 0 0 0 8 0 0 8 0 0 0 0 8 0 0 
8 0 0 0 0 8 0 0 8 0 0 0 0 8 0 0 7 0 0 0 0 7 0 0 7 0 0 0 0 7 0 0 
8 0 0 0 5 3 0 0 8 0 0 0 6 2 0 0 2 4 0 0 6 0 0 0 3 3 0 0 6 0 4 16 
0 7 0 0 7 0 25 15 0 7 0 0 7 0 20 10 0 5 0 0 5 3 7 10 0 5 0 0 5 4 6 6 
0 6 0 0 6 6 0 6 0 6 0 0 6 6 0 6 0 5 0 2 3 6 0 6 0 5 0 3 2 6 0 2 
2 4 0 4 0 4 0 3 1 4 0 4 0 4 0 0 3 4 0 4 0 3 0 1 2 4 0 4 0 3 0 0 
3 3 0 3 0 3 0 0 3 3 0 3 0 3 0 0 1 2 0 2 0 1 0 0 1 2 0 2 0 1 0 0 
2 2 0 2 0 2 0 0 2 2 0 2 0 2 0 0 1 1 0 1 0 1 0 0 1 1 0 1 0 1 0 0 
1 1 0 1 0 1 0 1 0 1 0 1 0 1 0 1 0 1 0 1 0 1 