4 0 0 0 0 0 0 1 1 0 0 0 0 0 0 3 1 0 0 0 0 0 0 1 1 0 0 0 0 0 0 1 
2 0 0 0 0 0 0 2 2 0 0 0 0 0 0 2 4 0 0 0 0 0 0 4 4 0 0 0 0 0 0 9 
4 0 0 0 0 0 0 15 3 0 0 0 0 0 0 13 0 0 0 0 0 0 0 8 0 0 0 0 0 0 0 4 
0 0 0 0 0 0 0 0 0 0 0 0 0 0 0 0 0 0 0 0 0 0 0 0 0 0 0 0 0 0 0 0 
0 0 0 0 0 0 0 0 0 0 0 0 0 0 0 0 0 0 0 0 0 0 0 0 0 0 0 0 0 0 0 0 
0 0 0 0 0 0 0 0 0 0 0 0 0 0 0 0 0 0 0 0 0 0 0 0 0 0 0 0 0 0 0 0 
0 0 0 0 0 0 0 0 0 0 0 0 0 0 0 0 0 0 0 0 0 0 0 0 0 0 0 0 0 0 0 0 
0 0 0 0 0 0 0 0 0 0 0 0 0 0 0 0 0 0 12 15 0 0 0 0 0 0 13 14 0 0 0 0 
0 0 14 14 0 0 0 0 0 0 14 14 0 0 0 0 0 5 4 9 0 0 0 0 0 6 3 9 0 0 0 0 
0 7 0 3 4 0 0 0 0 7 0 4 3 0 0 0 0 6 0 0 6 0 0 0 0 6 0 0 6 0 0 0 
0 4 0 0 4 0 0 0 0 4 0 0 4 0 0 0 0 3 0 0 3 0 0 0 0 3 0 0 3 0 0 0 
0 2 0 0 2 0 0 0 1 1 0 0 2 0 0 0 1 0 0 0 1 0 0 0 1 0 0 0 1 0 0 0 
2 0 0 0 2 0 0 0 2 0 0 0 2 0 0 0 3 0 0 3 0 0 0 0 3 0 0 3 0 0 0 0 
4 0 0 4 0 0 0 0 4 0 0 4 0 0 0 0 4 2 0 6 0 0 0 0 5 1 0 6 0 0 0 0 
1 6 0 7 0 0 0 0 2 5 0 7 0 0 0 0 0 9 1 8 0 0 0 0 0 9 2 7 0 0 0 0 
0 14 14 0 0 0 0 0 0 14 14 0 0 0 0 0 0 12 15 0 0 0 0 0 0 13 14 0 0 0 0 0 
0 0 0 0 0 0 0 0 0 0 0 0 0 0 0 0 0 0 0 0 0 0 0 0 0 0 0 0 0 0 0 0 
0 0 0 0 0 0 0 0 0 0 0 0 0 0 0 0 0 0 0 0 0 0 0 0 0 0 0 0 0 0 0 0 
0 0 0 0 0 0 0 0 0 0 0 0 0 0 0 0 0 0 0 0 0 0 0 0 0 0 0 0 0 0 0 0 
0 0 0 0 0 0 0 0 0 0 0 0 0 0 0 0 0 0 0 0 0 0 0 0 0 0 0 0 0 0 0 0 
0 0 0 0 0 0 0 0 0 0 0 0 0 4 0 0 0 0 0 0 0 8 0 0 0 0 0 0 0 13 0 0 
0 0 0 0 1 17 0 0 0 0 0 0 2 11 0 0 0 0 0 0 4 4 0 0 0 0 0 0 4 2 0 0 
0 0 0 0 2 2 0 0 0 0 0 0 2 1 0 0 0 0 0 0 1 1 0 0 0 0 0 0 1 1 0 0 
0 0 0 0 1 1 0 0 0 0 0 0 1 1 0 0 0 0 0 0 1 1 