0 4 4 4 4 4 4 4 5 6 6 6 6 6 6 6 9 10 10 10 10 10 10 10 11 12 12 12 12 12 12 12 
13 15 15 15 15 15 15 15 17 19 19 19 19 19 19 19 21 25 25 25 25 25 25 25 29 33 33 33 33 33 33 33 
42 46 46 46 46 46 46 46 61 64 64 64 64 64 64 64 77 77 77 77 77 77 77 77 85 85 85 85 85 85 85 85 
89 89 89 89 89 89 89 89 89 89 89 89 89 89 89 89 89 89 89 89 89 89 89 89 89 89 89 89 89 89 89 89 
89 89 89 89 89 89 89 89 89 89 89 89 89 89 89 89 89 89 89 89 89 89 89 89 89 89 89 89 89 89 89 89 
89 89 89 89 89 89 89 89 89 89 89 89 89 89 89 89 89 89 89 89 89 89 89 89 89 89 89 89 89 89 89 89 
89 89 89 89 89 89 89 89 89 89 89 89 89 89 89 89 89 89 89 89 89 89 89 89 89 89 89 89 89 89 89 89 
89 89 89 89 89 89 89 89 89 89 89 89 89 89 89 89 89 89 89 101 116 116 116 116 116 116 116 129 143 143 143 143 
143 143 143 157 171 171 171 171 171 171 171 185 199 199 199 199 199 199 204 208 217 217 217 217 217 217 223 226 235 235 235 235 
235 235 242 242 245 249 249 249 249 249 256 256 260 263 263 263 263 263 269 269 269 275 275 275 275 275 281 281 281 287 287 287 
287 287 291 291 291 295 295 295 295 295 299 299 299 303 303 303 303 303 306 306 306 309 309 309 309 309 312 312 312 315 315 315 
315 315 317 317 317 319 319 319 319 320 321 321 321 323 323 323 323 324 324 324 324 325 325 325 325 326 326 326 326 327 327 327 
327 329 329 329 329 331 331 331 331 333 333 333 333 335 335 335 335 338 338 338 341 341 341 341 341 344 344 344 347 347 347 347 
347 351 351 351 355 355 355 355 355 359 359 359 363 363 363 363 363 367 369 369 375 375 375 375 375 380 381 381 387 387 387 387 
387 388 394 394 401 401 401 401 401 403 408 408 415 415 415 415 415 415 424 425 433 433 433 433 433 433 442 444 451 451 451 451 
451 451 465 479 479 479 479 479 479 479 493 507 507 507 507 507 507 507 519 534 534 534 534 534 534 534 547 561 561 561 561 561 
561 561 561 561 561 561 561 561 561 561 561 561 561 561 561 561 561 561 561 561 561 561 561 561 561 561 561 561 561 561 561 561 
561 561 561 561 561 561 561 561 561 561 561 561 561 561 561 561 561 561 561 561 561 561 561 561 561 561 561 561 561 561 561 561 
561 561 561 561 561 561 561 561 561 561 561 561 561 561 561 561 561 561 561 561 561 561 561 561 561 561 561 561 561 561 561 561 
561 561 561 561 561 561 561 561 561 561 561 561 561 561 561 561 561 561 561 561 561 561 561 561 561 561 561 561 561 561 561 561 
561 561 561 561 561 561 561 561 561 561 561 561 561 561 565 565 565 565 565 565 565 565 573 573 573 573 573 573 573 573 586 586 
586 586 586 586 586 587 604 604 604 604 604 604 604 606 617 617 617 617 617 617 617 621 625 625 625 625 625 625 625 629 631 631 
631 631 631 631 631 633 635 635 635 635 635 635 635 637 638 638 638 638 638 638 638 639 640 640 640 640 640 640 640 641 642 642 
642 642 642 642 642 643 644 644 644 644 644 644 644 645 646 646 646 646 646 646 646 647 