0 0 0 0 0 0 0 0 0 0 0 0 0 0 0 2 2 2 2 2 2 2 2 4 4 4 4 4 4 4 4 4 
4 4 4 4 4 4 4 4 4 4 4 4 4 4 4 4 4 4 4 4 4 4 4 4 4 4 4 4 4 4 4 4 
4 4 4 4 4 4 4 4 4 4 4 4 4 4 4 4 4 4 4 4 4 4 4 4 4 4 4 4 4 4 4 4 
4 4 4 4 4 4 4 4 4 4 4 4 4 4 4 4 4 4 4 4 4 4 4 4 4 4 4 4 4 4 4 4 
4 4 4 4 4 4 4 4 4 4 4 11 11 11 11 11 11 11 11 17 17 17 17 17 17 17 17 20 20 20 20 20 
20 20 22 22 22 22 22 22 22 22 27 31 31 31 31 31 31 33 36 40 40 40 40 40 40 44 50 50 50 52 52 52 
52 56 60 70 70 72 72 72 72 77 80 86 86 86 86 86 86 89 93 99 99 99 104 104 104 104 107 107 107 107 111 111 
111 111 111 111 111 111 117 117 117 117 117 117 117 117 120 120 120 120 120 120 120 120 122 122 122 122 122 122 124 124 126 126 
126 126 126 126 128 128 128 128 128 128 128 128 130 130 130 130 130 130 130 130 130 130 130 130 130 130 130 130 130 130 130 130 
130 130 130 130 130 130 130 130 130 130 130 130 130 130 130 130 130 130 130 130 130 130 130 130 130 130 130 130 130 130 130 130 
130 130 130 130 130 130 130 130 130 130 130 130 130 130 130 130 130 130 130 130 130 130 130 130 130 130 130 130 130 130 130 130 
130 130 130 130 130 130 130 130 130 130 130 130 130 133 133 133 133 133 133 133 133 140 140 140 140 140 140 140 140 144 144 144 
144 144 144 144 147 152 152 152 152 152 152 152 164 171 171 171 171 171 171 176 180 188 188 188 188 188 188 195 196 199 199 199 
199 199 199 205 206 208 211 211 211 211 211 215 219 219 222 222 222 222 222 224 238 238 243 243 243 243 243 247 256 256 259 259 
259 259 259 259 267 268 271 271 271 271 271 271 274 275 276 276 276 276 276 276 276 276 276 276 276 276 276 276 276 278 278 278 
278 278 278 278 278 281 281 281 281 281 281 281 281 284 284 284 284 284 284 284 284 286 286 286 286 286 286 286 286 286 286 286 
286 286 286 286 286 286 286 286 286 286 286 286 286 286 286 286 286 286 286 286 286 286 286 286 286 286 286 286 286 286 286 286 
286 286 286 286 286 286 286 286 286 286 286 286 288 288 292 296 296 296 296 296 313 318 322 331 331 333 333 342 356 364 369 377 
377 393 393 400 415 422 424 427 427 445 449 464 474 481 481 486 495 501 507 520 533 540 540 553 560 572 574 588 595 600 600 612 
616 626 631 636 640 640 640 644 652 656 660 660 660 660 660 662 671 671 671 671 671 671 671 671 680 684 684 684 689 689 689 689 
691 696 696 696 700 700 700 700 704 711 711 711 714 714 714 714 722 726 726 726 726 726 726 726 735 737 737 737 737 737 737 737 
743 746 746 746 746 746 746 746 751 754 754 754 756 756 756 756 756 758 758 758 760 760 760 760 760 760 760 760 760 760 760 760 
760 760 760 760 760 760 760 760 760 760 760 760 760 760 760 760 760 760 760 760 760 760 760 760 760 760 760 760 760 760 760 760 
760 760 760 760 760 760 760 760 760 760 760 760 760 760 760 760 760 760 760 760 760 760 