78.9379653930664 77.0 0.47107622027397156 0.4361756145954132 0.4213557541370392 0.9258270859718323 1.0 0.5375726222991943 1.0 0.8890382051467896 1.0 0.8139629364013672 0.7885788083076477 0.4681716561317444 0.5757700800895691 0.33216166496276855 0.6496164202690125 1.0 0.8018667101860046 0.6249394416809082 0.5236771702766418 0.25585657358169556 0.11050505936145782 0.5842005610466003 0.8651087284088135 1.0 0.7383753657341003 0.30903246998786926 0.17751429975032806 0.06318026036024094 0.38355496525764465 0.5690587162971497 
0.2769613265991211 0.6056753396987915 0.7021333575248718 0.8635505437850952 0.41669583320617676 0.15220746397972107 0.15397731959819794 0.0 0.10521415621042252 0.15754756331443787 0.5878115296363831 0.6159923076629639 0.6809083223342896 0.0 0.1919950395822525 0.13032439351081848 0.5819718241691589 1.0 0.5664569139480591 0.18681997060775757 0.0 0.405746728181839 1.0 0.7400231957435608 1.0 0.9459894299507141 0.7837256789207458 0.2308036834001541 0.0 1.0366524457931519 1.6150885820388794 1.5475722551345825 
1.5571379661560059 1.063869595527649 1.0 1.426444411277771 1.0 2.0 1.0 2.0 1.9431424140930176 2.0 1.0734716653823853 2.0 1.0 2.0 1.854903221130371 1.0 2.0 1.354387640953064 2.0 1.559832215309143 2.0 1.0 1.6586110591888428 2.0 1.0 2.0 1.0 2.0 1.8280389308929443 1.0593191385269165 1.2448418140411377 1.0 
3.0 2.0 2.058784246444702 2.0 3.0 2.0 3.0 2.597785234451294 2.0 2.2521350383758545 2.0739762783050537 2.8098607063293457 3.0 2.0 3.0 2.4502410888671875 3.0 2.559122085571289 2.0 3.0 2.0 3.0 2.0 2.4068214893341064 3.0 2.0 3.0 2.0 2.962003231048584 3.0 2.337778329849243 2.0 
3.2924063205718994 3.0 3.160526752471924 3.0 3.271259307861328 3.5194342136383057 3.508955717086792 3.740062713623047 3.927992105484009 3.8703484535217285 3.635308265686035 3.2992606163024902 3.0 3.159456729888916 3.524383068084717 3.7646656036376953 3.2766640186309814 3.0 3.2497506141662598 3.0 3.2375199794769287 3.6890652179718018 3.8089845180511475 3.822039842605591 3.7658746242523193 3.734438419342041 3.51434588432312 3.605006217956543 3.2958626747131348 3.6223268508911133 3.0 3.174753189086914 
3.61417818069458 3.684985637664795 3.481684684753418 3.301436185836792 3.536613941192627 3.4172072410583496 3.6794891357421875 3.0 3.7373478412628174 3.8730807304382324 3.8640432357788086 3.842275381088257 4.0 3.952906370162964 3.8303380012512207 3.5533719062805176 3.0 3.2525084018707275 3.701724052429199 3.6723852157592773 3.39147686958313 3.0 3.5316078662872314 3.0196774005889893 3.0 3.3114142417907715 3.4988136291503906 3.0 5.0 4.878252983093262 5.0 4.0 
6.0 5.0 6.0 5.002262592315674 5.0 7.0 6.962120532989502 7.0 6.0 7.0 6.985959053039551 7.0 6.631326675415039 7.0 6.987759113311768 6.486072540283203 6.530137538909912 7.0 6.80987548828125 7.0 6.503586292266846 6.0 6.741069316864014 7.0 6.7359299659729 7.0 6.969960689544678 7.0 6.548394680023193 6.6005635261535645 7.029822826385498 7.0 
7.403432369232178 7.0 7.009744644165039 7.0 7.385382652282715 7.0 7.01157808303833 7.469096660614014 7.467641830444336 7.0 7.140676975250244 7.0 7.3907084465026855 8.0 7.657564163208008 7.17462158203125 7.0 7.231800556182861 7.0 7.018714904785156 7.0 7.36484956741333 7.31089973449707 7.0 8.084256172180176 8.0 15.0 14.860016822814941 15.0 14.654605865478516 14.371665954589844 14.467495918273926 
49.0 14.717591285705566 15.0 14.80928897857666 14.5678129196167 14.591547012329102 14.999285697937012 14.850751876831055 14.613500595092773 14.7388277053833 48.369869232177734 15.937856674194336 16.0 15.924294471740723 15.659908294677734 15.807908058166504 16.0 15.829062461853027 15.343952178955078 15.390716552734375 15.530990600585938 15.43278694152832 15.453195571899414 15.602823257446289 16.0 48.262088775634766 15.29482650756836 15.99956226348877 16.0 15.441695213317871 15.463506698608398 15.339085578918457 
15.55849838256836 15.741994857788086 15.909418106079102 48.28956985473633 15.0 15.493167877197266 15.824891090393066 16.0 15.0 48.27770233154297 15.6045503616333 15.97238826751709 16.0 15.864995956420898 15.777145385742188 15.423439979553223 15.482878684997559 15.650980949401855 15.302790641784668 15.188499450683594 15.668323516845703 15.686043739318848 15.0 15.321596145629883 15.820981979370117 15.775259971618652 15.000927925109863 15.172135353088379 15.546311378479004 15.767743110656738 15.0 48.147987365722656 
15.985882759094238 48.126976013183594 16.589111328125 16.79485321044922 17.0 16.893653869628906 17.0 16.491853713989258 16.23380470275879 16.542816162109375 48.150421142578125 16.927675247192383 16.827281951904297 16.426193237304688 16.49551010131836 16.455202102661133 16.57653045654297 16.531360626220703 16.7204647064209 16.67412567138672 16.579425811767578 16.681142807006836 16.695636749267578 16.675243377685547 16.830856323242188 16.972423553466797 16.79087257385254 16.540603637695312 16.336578369140625 16.391828536987305 16.607067108154297 17.0 
16.0 16.149925231933594 16.596202850341797 16.318761825561523 16.0 16.17286491394043 16.593265533447266 16.551284790039062 16.43097686767578 16.52219009399414 16.47894287109375 16.344707489013672 16.0 16.43456268310547 17.0 48.341163635253906 17.0 16.935821533203125 16.650413513183594 16.501209259033203 16.461790084838867 16.471059799194336 16.282371520996094 16.371023178100586 16.28573226928711 16.565475463867188 17.0 16.567529678344727 16.60211753845215 16.91340446472168 16.80305290222168 17.0 
16.315505981445312 16.0 48.778831481933594 16.0 17.0 16.0 16.53190803527832 16.716176986694336 16.248741149902344 16.271053314208984 16.48166275024414 16.424097061157227 16.333141326904297 16.71239471435547 16.606285095214844 16.127403259277344 16.0 17.0 16.90056037902832 16.82509422302246 16.62030601501465 16.87204933166504 17.0 16.91316795349121 16.690736770629883 16.6747989654541 17.0 16.0 16.570297241210938 16.818769454956055 18.0 17.292619705200195 
17.240575790405273 17.4238224029541 17.398183822631836 17.936113357543945 18.0 17.675004959106445 17.286821365356445 17.485279083251953 17.29237174987793 17.118057250976562 17.598304748535156 17.587570190429688 17.291841506958008 17.0 17.113481521606445 17.0 17.526437759399414 18.0 17.0 17.569866180419922 18.0 17.82183074951172 17.588924407958984 17.276042938232422 17.158517837524414 17.667570114135742 17.033472061157227 17.207069396972656 17.405637741088867 17.603614807128906 17.4785099029541 17.207509994506836 
17.0 17.049327850341797 17.0 17.303369522094727 18.0 17.0 17.438190460205078 18.0 17.54977035522461 17.671375274658203 17.702312469482422 17.268320083618164 17.010833740234375 17.0 17.175399780273438 17.444381713867188 17.716564178466797 17.0 17.685989379882812 18.0 17.666648864746094 17.0 17.91756820678711 18.0 17.0 18.0 17.353187561035156 17.291584014892578 18.0 17.755720138549805 18.0 17.96943473815918 
17.938764572143555 18.0 17.779829025268555 17.417938232421875 17.395143508911133 17.61302375793457 17.7598934173584 17.089330673217773 17.14689826965332 17.361940383911133 17.150720596313477 17.0 17.10589599609375 17.339984893798828 17.331924438476562 17.0 18.0 17.0 19.0 18.42037010192871 18.37622833251953 18.63056182861328 19.0 18.570213317871094 18.326763153076172 18.380582809448242 18.299793243408203 18.915592193603516 18.912185668945312 18.875627517700195 18.706247329711914 18.696779251098633 
18.095502853393555 18.0 18.309938430786133 18.562353134155273 18.4151611328125 18.55323600769043 18.715490341186523 18.28656578063965 18.0 18.53476333618164 19.0 18.0 18.43911361694336 18.272207260131836 18.711057662963867 19.0 18.0 18.147716522216797 18.53206443786621 19.0 18.0 19.0 18.295719146728516 18.211042404174805 18.218341827392578 18.218223571777344 18.582218170166016 18.909048080444336 19.0 18.0 18.060510635375977 18.403289794921875 
18.209444046020508 18.53192901611328 18.0 18.152217864990234 18.233863830566406 18.080158233642578 18.0 18.27588653564453 18.452972412109375 18.0 18.191530227661133 18.0 18.026636123657227 18.048660278320312 18.0 19.0 18.82177734375 18.2448673248291 18.664278030395508 18.64270782470703 18.492380142211914 19.0 18.0 18.330394744873047 18.561275482177734 19.0 18.0 19.729549407958984 20.0 19.0 19.88566017150879 20.0 
19.151451110839844 19.141944885253906 19.0 20.0 19.76080894470215 19.228731155395508 19.0 19.217403411865234 20.0 19.907428741455078 19.56417465209961 19.758098602294922 20.0 19.973758697509766 19.94383430480957 20.0 19.96272850036621 19.708765029907227 20.0 19.9444637298584 19.933778762817383 19.924320220947266 19.778743743896484 19.515300750732422 19.0 20.0 19.992319107055664 19.776939392089844 19.0 19.11856460571289 19.9386043548584 20.0 
19.727397918701172 19.445743560791016 19.0 19.681724548339844 19.704551696777344 19.72320556640625 19.78308868408203 19.848567962646484 19.663326263427734 20.0 19.728790283203125 19.50025177001953 19.0 19.818262100219727 19.0 19.192607879638672 19.0 20.0 19.0 49.0 21.0 20.0 20.44410514831543 20.906423568725586 20.6688289642334 20.36684799194336 20.204530715942383 20.0 21.0 20.628398895263672 20.0 20.24335479736328 
21.0 20.787029266357422 20.544479370117188 20.0 21.0 20.0 20.552207946777344 20.58321762084961 20.117164611816406 20.0 20.081172943115234 20.0 20.065921783447266 21.0 20.0 21.0 20.523300170898438 20.524213790893555 20.0 20.89031410217285 21.0 20.0 20.073583602905273 20.529216766357422 21.0 20.080867767333984 20.23499298095703 20.40667724609375 20.363937377929688 48.0 20.014904022216797 48.07447814941406 
20.579227447509766 21.0 20.0 48.12504959106445 21.0 21.067941665649414 21.828550338745117 22.0 21.331035614013672 21.341039657592773 22.0 21.0 21.91916275024414 22.0 21.82060432434082 21.37861442565918 21.362295150756836 21.22567367553711 21.0 21.191471099853516 21.0 22.0 21.785383224487305 22.0 21.88746452331543 21.79825782775879 22.0 21.997745513916016 21.645614624023438 21.821239471435547 22.0 21.039430618286133 
21.0 21.577686309814453 22.0 21.952138900756836 21.35832405090332 21.0 21.868942260742188 21.95688819885254 22.0 21.7617130279541 21.725568771362305 21.329694747924805 21.0 22.0 21.0 21.20285987854004 22.0 21.867111206054688 22.0 21.405075073242188 21.47344398498535 21.56119155883789 21.63767433166504 22.0 21.971532821655273 21.28278923034668 21.0 21.198301315307617 22.0 21.0 22.0 21.0 
23.0 22.0 22.290607452392578 22.430307388305664 22.0 23.0 22.0 23.0 22.920047760009766 22.504802703857422 22.0 22.170352935791016 22.0 22.093297958374023 22.134456634521484 22.0 22.003421783447266 22.505416870117188 22.22461700439453 22.0 22.767282485961914 22.965185165405273 23.0 22.0 22.141210556030273 22.0 22.36754608154297 22.0 22.681011199951172 22.744155883789062 22.637147903442383 22.757862091064453 
23.0 22.0 23.0 22.513809204101562 22.0 22.064769744873047 22.12662696838379 22.548498153686523 22.34834861755371 22.0 22.04277801513672 22.4005184173584 22.79119873046875 22.845809936523438 22.0 22.29889488220215 22.0 23.0 22.0 22.2470760345459 24.0 23.0 23.41707992553711 23.546951293945312 23.98811912536621 24.0 23.0 23.118972778320312 24.0 23.46181869506836 23.566612243652344 23.64511489868164 
23.22697639465332 23.0 24.0 23.388330459594727 23.17637062072754 23.083820343017578 23.0 23.704429626464844 24.0 23.806547164916992 23.49669075012207 23.25882339477539 23.434528350830078 23.254344940185547 23.0 24.0 23.59113121032715 23.434738159179688 23.09945297241211 23.0 24.0 23.846681594848633 24.0 23.83568000793457 23.292165756225586 23.561969757080078 24.0 23.608835220336914 24.0 23.845924377441406 23.040380477905273 23.381818771362305 
23.0 25.0 24.17037010192871 24.0 24.550233840942383 25.0 24.024024963378906 24.0 25.0 24.555086135864258 24.50551414489746 24.38964080810547 24.28914451599121 24.324316024780273 25.0 24.8935489654541 24.407346725463867 24.0 25.0 24.974424362182617 24.414682388305664 24.0876522064209 24.040283203125 24.00309944152832 24.0 24.35934066772461 25.0 24.720218658447266 24.476726531982422 24.320627212524414 24.03444480895996 24.48748779296875 
24.0 24.896568298339844 24.848072052001953 24.59293556213379 24.0 25.0 24.0 24.120046615600586 24.353971481323242 24.0 24.248733520507812 25.0 24.375606536865234 24.195810317993164 24.183670043945312 24.014942169189453 24.0 24.092876434326172 24.268936157226562 24.170398712158203 24.14381217956543 24.0 25.0 24.97770881652832 24.458410263061523 24.721546173095703 25.0 24.294113159179688 24.34705924987793 25.69300079345703 26.0 25.0 
25.47463607788086 26.0 25.580854415893555 25.0303955078125 25.0 25.97182846069336 26.0 25.0 25.157468795776367 25.0 26.0 25.91214370727539 25.721370697021484 25.764678955078125 25.0 26.0 25.805309295654297 26.0 25.623249053955078 26.0 25.864980697631836 25.49984359741211 25.6292781829834 26.0 25.365461349487305 25.022823333740234 25.0 26.0 25.88257598876953 25.212839126586914 25.57529640197754 25.0 
25.668203353881836 26.0 25.0 25.040857315063477 25.50790023803711 25.04792022705078 25.79454803466797 25.843910217285156 25.0 25.878150939941406 25.814716339111328 25.0 26.440845489501953 26.862123489379883 26.88094711303711 26.878421783447266 26.88486099243164 27.0 26.0 26.884870529174805 27.0 26.0 27.0 26.207908630371094 26.83183479309082 26.962188720703125 26.479022979736328 26.720155715942383 26.741313934326172 26.810489654541016 26.0 26.646575927734375 
26.84868812561035 26.978540420532227 26.99053192138672 27.0 26.40291976928711 26.500682830810547 26.0 26.087390899658203 26.0 26.345300674438477 26.0 26.154605865478516 27.0 26.0 27.0 26.5555477142334 26.649965286254883 26.82872200012207 26.786436080932617 26.8753719329834 27.0 26.0 27.0 26.050146102905273 27.0 26.467336654663086 26.65670394897461 26.218612670898438 26.0 26.565906524658203 27.0 26.0 
26.080596923828125 26.3608341217041 26.62897491455078 27.074542999267578 27.19915199279785 27.088857650756836 27.0 27.264257431030273 27.605390548706055 27.805709838867188 28.0 27.122543334960938 27.0 28.0 27.0 27.00434684753418 27.20929718017578 27.681716918945312 27.836923599243164 28.0 27.543214797973633 27.0 27.20686149597168 27.301502227783203 27.0 28.0 27.0 27.281713485717773 27.454240798950195 27.90943717956543 27.25836753845215 28.0 
27.0 27.66322898864746 27.0 28.0 27.181018829345703 27.90739631652832 28.0 27.883712768554688 28.0 27.37721061706543 27.796302795410156 27.683977127075195 27.0 27.16531753540039 28.0 27.0 27.14988136291504 27.70318603515625 28.0 27.830089569091797 27.44385528564453 28.0 27.725645065307617 28.076091766357422 28.594804763793945 28.566747665405273 28.307079315185547 28.331464767456055 28.0 28.676921844482422 28.807390213012695 29.0 
28.970523834228516 28.0 28.298147201538086 28.43430519104004 28.0 28.94594383239746 29.0 28.0 28.122562408447266 28.724292755126953 29.0 28.0 28.688547134399414 28.153564453125 28.0 29.0 28.625032424926758 28.0 28.597978591918945 28.900575637817383 28.96006202697754 28.974018096923828 28.867504119873047 28.824527740478516 28.216665267944336 28.0 29.0 28.46770668029785 28.0 28.156354904174805 28.40351104736328 28.076618194580078 
28.188995361328125 28.0 29.0 28.0 28.081939697265625 28.454790115356445 28.861682891845703 28.962316513061523 29.274824142456055 29.348695755004883 29.0 30.0 29.886474609375 29.92999267578125 29.62950897216797 29.766387939453125 30.0 29.0 29.051437377929688 29.62970733642578 29.790630340576172 29.10746955871582 29.411022186279297 29.48727798461914 30.0 29.0 29.486995697021484 30.0 29.0 30.0 29.884342193603516 29.886703491210938 
29.82572364807129 30.0 29.0 29.57307243347168 30.0 29.0 30.994905471801758 31.0 30.886110305786133 30.040128707885742 30.064132690429688 30.0 31.0 30.906776428222656 30.638063430786133 31.0 30.0 30.456571578979492 30.068212509155273 30.546363830566406 30.8797664642334 30.0 30.699079513549805 31.0 30.0 31.0 30.39715003967285 30.0 30.13743782043457 30.31832504272461 31.0 30.0 
30.312440872192383 30.632108688354492 31.0 30.655452728271484 30.407941818237305 30.0 31.0 32.0 31.658174514770508 31.0 31.343273162841797 31.443946838378906 31.147809982299805 31.08881950378418 32.0 31.0 31.682037353515625 32.0 31.0 31.20792579650879 31.194150924682617 31.0 31.39522933959961 31.813520431518555 32.0 31.923961639404297 31.0 32.0 31.0 32.0 31.0 32.0 
31.647157669067383 32.197757720947266 32.66962814331055 32.635589599609375 32.46310806274414 32.753238677978516 33.0 32.0 32.333274841308594 32.276405334472656 32.0 33.0 32.0 32.39054489135742 32.216453552246094 32.21961212158203 32.212432861328125 32.14366149902344 32.106990814208984 32.0 33.0 32.0 32.797115325927734 32.13612365722656 32.29696273803711 32.94233703613281 32.986942291259766 32.81259536743164 32.85194778442383 32.0 33.0 32.0 
33.067161560058594 33.0 34.0 33.686256408691406 33.72658920288086 34.0 33.99692916870117 34.0 33.0 33.175743103027344 33.563602447509766 34.0 33.57315444946289 33.57953643798828 33.58354949951172 33.0 33.70012283325195 33.0 34.134307861328125 34.24722671508789 34.0 35.0 34.41389846801758 34.534828186035156 35.0 34.51387023925781 34.352481842041016 34.0 34.642635345458984 34.34098815917969 34.93212890625 35.0 
34.0 34.661502838134766 34.30562973022461 34.702720642089844 34.23243713378906 34.0 36.0 35.0 35.261810302734375 35.887264251708984 35.341793060302734 35.425201416015625 35.47486114501953 35.58222961425781 35.0 36.0 35.44520568847656 35.18492889404297 35.0 36.35303497314453 36.81920623779297 37.0 36.0 36.51395034790039 36.665863037109375 37.0 36.67974853515625 36.01490020751953 37.0 36.0 38.0 37.60550308227539 
37.17864227294922 38.0 37.0 37.2830696105957 37.0 37.63274383544922 38.0 37.48650360107422 37.0 38.2188720703125 38.0 38.12032699584961 39.0 38.0 38.84813690185547 38.72224426269531 38.826568603515625 38.0 39.51535415649414 40.0 39.144439697265625 39.0 40.26430892944336 40.0 41.0 40.31901931762695 42.0 41.0 42.1385612487793 42.0 44.0 43.75343704223633 
43.84356689453125 45.0 44.0 45.0 44.43793869018555 44.22423553466797 46.0 45.40561294555664 45.005550384521484 46.0 45.0 46.0 45.25864028930664 45.0 45.21931457519531 46.570030212402344 46.0 46.30442428588867 46.0 47.0 46.04621124267578 46.0 