0.8491232991218567 0.15035411715507507 1.0 15.769781112670898 270.769775390625 494.1655578613281 270.3192138671875 494.230224609375 0.0 15.0 270.0 494.6807861328125 269.0 495.94549560546875 0.0 266.0 0.0 498.7385559082031 0.0 258.0 0.0 506.122802734375 0.0 0.0 0.0 0.0 0.0 0.0 0.0 0.0 0.0 0.0 
0.0 0.0 0.0 0.0 0.0 0.0 0.0 0.0 0.0 0.0 0.0 0.0 0.0 0.0 0.0 0.0 0.0 0.0 0.0 0.0 0.0 0.0 0.0 0.0 0.0 0.0 0.0 0.0 0.0 0.0 0.0 0.0 
0.0 0.0 0.0 0.0 0.0 0.0 0.0 0.0 0.0 0.0 0.0 0.0 0.0 0.0 0.0 0.0 0.0 0.0 0.0 0.0 0.0 0.0 0.0 0.0 0.0 432.0 0.0 0.0 0.0 0.0 0.0 0.0 
0.0 0.0 0.0 0.0 0.0 0.0 0.0 0.0 0.0 0.0 0.0 0.0 0.0 0.0 0.0 0.0 0.0 0.0 0.0 0.0 408.0 0.0 0.0 0.0 0.0 0.0 0.0 0.0 0.0 0.0 0.0 0.0 
0.0 0.0 0.0 0.0 0.0 0.0 0.0 0.0 0.0 0.0 0.0 0.0 0.0 0.0 0.0 395.0 0.0 0.0 0.0 0.0 0.0 0.0 0.0 0.0 0.0 0.0 0.0 0.0 0.0 0.0 0.0 0.0 
0.0 0.0 0.0 0.0 0.0 0.0 0.0 0.0 0.0 0.0 0.0 0.0 0.0 0.0 0.0 0.0 0.0 0.0 0.0 0.0 0.0 0.0 0.0 0.0 0.0 0.0 0.0 0.0 0.0 0.0 0.0 0.0 
0.0 0.0 0.0 0.0 0.0 0.0 0.0 0.0 0.0 0.0 0.0 0.0 0.0 0.0 0.0 0.0 0.0 0.0 0.0 0.0 0.0 0.0 0.0 0.0 0.0 0.0 0.0 0.0 0.0 0.0 0.0 0.0 
0.0 0.0 0.0 0.0 0.0 0.0 0.0 0.0 0.0 0.0 0.0 0.0 0.0 0.0 0.0 0.0 0.0 0.0 0.0 0.0 0.0 0.0 0.0 0.0 0.0 0.0 0.0 0.0 0.0 0.0 0.0 0.0 
0.0 0.0 0.0 0.0 0.0 0.0 0.0 0.0 0.0 0.0 0.0 0.0 0.0 0.0 0.0 0.0 0.0 0.0 0.0 0.0 0.0 0.0 0.0 0.0 0.0 0.0 0.0 0.0 0.0 0.0 0.0 0.0 
0.0 0.0 0.0 0.0 0.0 0.0 0.0 3.877211809158325 0.0 0.0 0.0 258.877197265625 0.0 0.0 0.0 507.0 0.0 0.0 266.2614440917969 0.0 0.0 499.0 0.0 0.0 241.0 0.0 0.0 496.0 0.0 240.0 0.0 495.0 
0.0 270.769775390625 0.0 494.6807861328125 270.8344421386719 494.230224609375 239.16554260253906 494.1655578613281 0.0 239.0 0.0 494.0 0.0 272.44189453125 0.0 493.0 0.0 0.0 274.393798828125 0.0 0.0 491.0 0.0 0.0 233.0 0.0 0.0 488.0 0.0 0.0 0.0 230.0 
0.0 0.0 0.0 485.0 0.0 0.0 0.0 284.85906982421875 0.0 0.0 0.0 481.0 0.0 0.0 0.0 0.0 0.0 288.0 0.0 0.0 0.0 0.0 0.0 480.14093017578125 0.0 0.0 0.0 0.0 0.0 294.5166931152344 0.0 0.0 
0.0 0.0 0.0 471.0 0.0 0.0 0.0 0.0 0.0 0.0 299.8647766113281 0.0 0.0 0.0 0.0 0.0 0.0 466.0 0.0 0.0 0.0 0.0 0.0 0.0 305.48272705078125 0.0 0.0 0.0 0.0 0.0 0.0 460.0 
0.0 0.0 0.0 0.0 0.0 199.0 200.0 203.0 307.0 309.0 311.0 311.326171875 0.0 0.0 0.0 0.0 0.0 454.0 0.0 0.0 0.0 193.0 196.0 198.0 198.673828125 0.0 0.0 0.0 0.0 312.0 314.0 316.0 
317.3674011230469 0.0 0.0 453.0 0.0 0.0 0.0 0.0 0.0 0.0 0.0 0.0 0.0 0.0 0.0 0.0 0.0 0.0 0.0 0.0 0.0 0.0 0.0 0.0 0.0 0.0 0.0 0.0 0.0 0.0 0.0 442.0 
0.0 0.0 0.0 0.0 0.0 0.0 0.0 0.0 0.0 0.0 0.0 0.0 0.0 0.0 0.0 0.0 0.0 0.0 0.0 0.0 0.0 0.0 0.0 0.0 0.0 0.0 0.0 436.0 0.0 0.0 0.0 0.0 
0.0 0.0 0.0 0.0 0.0 0.0 0.0 0.0 0.0 0.0 0.0 0.0 0.0 0.0 0.0 0.0 0.0 0.0 0.0 0.0 0.0 0.0 429.0 0.0 0.0 0.0 0.0 0.0 0.0 0.0 0.0 0.0 
0.0 0.0 0.0 0.0 0.0 0.0 0.0 0.0 0.0 0.0 0.0 0.0 0.0 0.0 0.0 0.0 0.0 505.9006042480469 0.0 0.0 0.0 453.673828125 0.0 0.0 0.0 0.0 0.0 0.0 0.0 459.51727294921875 0.0 0.0 
0.0 0.0 0.0 0.0 0.0 0.0 0.0 0.0 0.0 0.0 465.1352233886719 0.0 0.0 0.0 0.0 0.0 0.0 0.0 0.0 0.0 0.0 0.0 0.0 0.0 0.0 0.0 0.0 0.0 470.4833068847656 0.0 0.0 0.0 
0.0 0.0 0.0 0.0 0.0 0.0 0.0 0.0 0.0 480.0 0.0 0.0 0.0 0.0 0.0 25.718135833740234 27.0 225.1409149169922 480.14093017578125 483.0 484.0 25.0 0.0 280.0 0.0 484.2818603515625 0.0 277.0 0.0 487.8127746582031 274.0 490.606201171875 
237.55812072753906 492.55810546875 271.0 493.66937255859375 270.8344421386719 494.1009216308594 0.0 0.0 