1.0 0.0 1.851820468902588 15.834452629089355 270.8344421386719 494.230224609375 270.769775390625 494.6807861328125 0.0 15.31920337677002 270.3192138671875 495.0 269.05450439453125 496.0 0.0 266.2614440917969 0.0 499.0 0.0 258.877197265625 0.0 507.0 0.0 0.0 0.0 0.0 0.0 0.0 0.0 0.0 0.0 0.0 
0.0 0.0 0.0 0.0 0.0 0.0 0.0 0.0 0.0 0.0 0.0 0.0 0.0 0.0 0.0 0.0 0.0 0.0 0.0 0.0 0.0 0.0 0.0 0.0 0.0 0.0 0.0 0.0 0.0 0.0 0.0 0.0 
0.0 0.0 0.0 0.0 0.0 0.0 0.0 0.0 0.0 0.0 0.0 0.0 0.0 0.0 0.0 0.0 0.0 0.0 0.0 0.0 0.0 0.0 0.0 0.0 0.0 432.8561706542969 0.0 0.0 0.0 0.0 0.0 0.0 
0.0 0.0 0.0 0.0 0.0 0.0 0.0 0.0 0.0 0.0 0.0 0.0 0.0 0.0 0.0 0.0 0.0 0.0 0.0 0.0 408.52166748046875 0.0 0.0 0.0 0.0 0.0 0.0 0.0 0.0 0.0 0.0 0.0 
0.0 0.0 0.0 0.0 0.0 0.0 0.0 0.0 0.0 0.0 0.0 0.0 0.0 0.0 0.0 395.9930114746094 0.0 0.0 0.0 0.0 0.0 0.0 0.0 0.0 0.0 0.0 0.0 0.0 0.0 0.0 0.0 0.0 
0.0 0.0 0.0 0.0 0.0 0.0 0.0 0.0 0.0 0.0 0.0 0.0 0.0 0.0 0.0 0.0 0.0 0.0 0.0 0.0 0.0 0.0 0.0 0.0 0.0 0.0 0.0 0.0 0.0 0.0 0.0 0.0 
0.0 0.0 0.0 0.0 0.0 0.0 0.0 0.0 0.0 0.0 0.0 0.0 0.0 0.0 0.0 0.0 0.0 0.0 0.0 0.0 0.0 0.0 0.0 0.0 0.0 0.0 0.0 0.0 0.0 0.0 0.0 0.0 
0.0 0.0 0.0 0.0 0.0 0.0 0.0 0.0 0.0 0.0 0.0 0.0 0.0 0.0 0.0 0.0 0.0 0.0 0.0 0.0 0.0 0.0 0.0 0.0 0.0 0.0 0.0 0.0 0.0 0.0 0.0 0.0 
0.0 0.0 0.0 0.0 0.0 0.0 0.0 0.0 0.0 0.0 0.0 0.0 0.0 0.0 0.0 0.0 0.0 0.0 0.0 0.0 0.0 0.0 0.0 0.0 0.0 0.0 0.0 0.0 0.0 0.0 0.0 0.0 
0.0 0.0 0.0 0.0 0.0 0.0 0.0 3.0 0.0 0.0 0.0 258.0 0.0 0.0 0.0 506.122802734375 0.0 0.0 266.0 0.0 0.0 498.7385559082031 0.0 0.0 240.9455108642578 0.0 0.0 495.94549560546875 0.0 239.68080139160156 0.0 494.6807861328125 
0.0 270.3192138671875 0.0 494.230224609375 270.769775390625 494.1655578613281 239.10092163085938 494.1009216308594 0.0 238.6693878173828 0.0 493.66937255859375 0.0 272.0 0.0 492.55810546875 0.0 0.0 274.0 0.0 0.0 490.606201171875 0.0 0.0 232.81275939941406 0.0 0.0 487.8127746582031 0.0 0.0 0.0 229.2818603515625 
0.0 0.0 0.0 484.2818603515625 0.0 0.0 0.0 284.0 0.0 0.0 0.0 480.14093017578125 0.0 0.0 0.0 0.0 0.0 287.0 0.0 0.0 0.0 0.0 0.0 480.0 0.0 0.0 0.0 0.0 0.0 294.0 0.0 0.0 
0.0 0.0 0.0 470.4833068847656 0.0 0.0 0.0 0.0 0.0 0.0 299.0 0.0 0.0 0.0 0.0 0.0 0.0 465.1352233886719 0.0 0.0 0.0 0.0 0.0 0.0 305.0 0.0 0.0 0.0 0.0 0.0 0.0 459.51727294921875 
0.0 0.0 0.0 0.0 0.0 198.673828125 199.0 202.0 306.0 308.0 310.0 311.0 0.0 0.0 0.0 0.0 0.0 453.673828125 0.0 0.0 0.0 192.63258361816406 195.0 197.0 198.0 0.0 0.0 0.0 0.0 311.326171875 313.0 315.0 
317.0 0.0 0.0 452.0 0.0 0.0 0.0 0.0 0.0 0.0 0.0 0.0 0.0 0.0 0.0 0.0 0.0 0.0 0.0 0.0 0.0 0.0 0.0 0.0 0.0 0.0 0.0 0.0 0.0 0.0 0.0 441.4140319824219 
0.0 0.0 0.0 0.0 0.0 0.0 0.0 0.0 0.0 0.0 0.0 0.0 0.0 0.0 0.0 0.0 0.0 0.0 0.0 0.0 0.0 0.0 0.0 0.0 0.0 0.0 0.0 435.03253173828125 0.0 0.0 0.0 0.0 
0.0 0.0 0.0 0.0 0.0 0.0 0.0 0.0 0.0 0.0 0.0 0.0 0.0 0.0 0.0 0.0 0.0 0.0 0.0 0.0 0.0 0.0 428.4746398925781 0.0 0.0 0.0 0.0 0.0 0.0 0.0 0.0 0.0 
0.0 0.0 0.0 0.0 0.0 0.0 0.0 0.0 0.0 0.0 0.0 0.0 0.0 0.0 0.0 0.0 0.0 505.0 0.0 0.0 0.0 454.0 0.0 0.0 0.0 0.0 0.0 0.0 0.0 460.0 0.0 0.0 
0.0 0.0 0.0 0.0 0.0 0.0 0.0 0.0 0.0 0.0 466.0 0.0 0.0 0.0 0.0 0.0 0.0 0.0 0.0 0.0 0.0 0.0 0.0 0.0 0.0 0.0 0.0 0.0 471.0 0.0 0.0 0.0 
0.0 0.0 0.0 0.0 0.0 0.0 0.0 0.0 0.0 480.14093017578125 0.0 0.0 0.0 0.0 0.0 26.0 28.0 226.0 481.0 484.0 484.2818603515625 25.718135833740234 0.0 280.7181396484375 0.0 485.0 0.0 277.1872253417969 0.0 488.0 274.393798828125 491.0 
238.0 493.0 271.33062744140625 494.0 270.8990783691406 494.1655578613281 0.0 0.0 