0.0 1.0 0.15087668597698212 1.0 1.0 0.0 2.0 1.0 0.0 2.2651190757751465 2.2651190757751465 2.0 3.0224568843841553 3.0 0.0 4.054345607757568 0.0 4.0 0.0 5.039616107940674 0.0 5.0 0.0 0.0 0.0 0.0 0.0 0.0 0.0 0.0 0.0 0.0 
0.0 0.0 0.0 0.0 0.0 0.0 0.0 0.0 0.0 0.0 0.0 0.0 0.0 0.0 0.0 0.0 0.0 0.0 0.0 0.0 0.0 0.0 0.0 0.0 0.0 0.0 0.0 0.0 0.0 0.0 0.0 0.0 
0.0 0.0 0.0 0.0 0.0 0.0 0.0 0.0 0.0 0.0 0.0 0.0 0.0 0.0 0.0 0.0 0.0 0.0 0.0 0.0 0.0 0.0 0.0 0.0 0.0 25.377498626708984 0.0 0.0 0.0 0.0 0.0 0.0 
0.0 0.0 0.0 0.0 0.0 0.0 0.0 0.0 0.0 0.0 0.0 0.0 0.0 0.0 0.0 0.0 0.0 0.0 0.0 0.0 30.052215576171875 0.0 0.0 0.0 0.0 0.0 0.0 0.0 0.0 0.0 0.0 0.0 
0.0 0.0 0.0 0.0 0.0 0.0 0.0 0.0 0.0 0.0 0.0 0.0 0.0 0.0 0.0 31.049741744995117 0.0 0.0 0.0 0.0 0.0 0.0 0.0 0.0 0.0 0.0 0.0 0.0 0.0 0.0 0.0 0.0 
0.0 0.0 0.0 0.0 0.0 0.0 0.0 0.0 0.0 0.0 0.0 0.0 0.0 0.0 0.0 0.0 0.0 0.0 0.0 0.0 0.0 0.0 0.0 0.0 0.0 0.0 0.0 0.0 0.0 0.0 0.0 0.0 
0.0 0.0 0.0 0.0 0.0 0.0 0.0 0.0 0.0 0.0 0.0 0.0 0.0 0.0 0.0 0.0 0.0 0.0 0.0 0.0 0.0 0.0 0.0 0.0 0.0 0.0 0.0 0.0 0.0 0.0 0.0 0.0 
0.0 0.0 0.0 0.0 0.0 0.0 0.0 0.0 0.0 0.0 0.0 0.0 0.0 0.0 0.0 0.0 0.0 0.0 0.0 0.0 0.0 0.0 0.0 0.0 0.0 0.0 0.0 0.0 0.0 0.0 0.0 0.0 
0.0 0.0 0.0 0.0 0.0 0.0 0.0 0.0 0.0 0.0 0.0 0.0 0.0 0.0 0.0 0.0 0.0 0.0 0.0 0.0 0.0 0.0 0.0 0.0 0.0 0.0 0.0 0.0 0.0 0.0 0.0 0.0 
0.0 0.0 0.0 0.0 0.0 0.0 0.0 42.0 0.0 0.0 0.0 42.0 0.0 0.0 0.0 41.960384368896484 0.0 0.0 43.0 0.0 0.0 42.945655822753906 0.0 0.0 43.977542877197266 0.0 0.0 43.977542877197266 0.0 44.73488235473633 0.0 44.73488235473633 
0.0 46.0 0.0 45.0 47.0 46.0 47.0 47.0 0.0 48.224578857421875 0.0 48.224578857421875 0.0 50.0 0.0 49.588706970214844 0.0 0.0 51.0 0.0 0.0 50.78590774536133 0.0 0.0 51.92699432373047 0.0 0.0 51.92699432373047 0.0 0.0 0.0 52.78045654296875 
0.0 0.0 0.0 52.78045654296875 0.0 0.0 0.0 54.0 0.0 0.0 0.0 53.775108337402344 0.0 0.0 0.0 0.0 0.0 54.65449905395508 0.0 0.0 0.0 0.0 0.0 54.0 0.0 0.0 0.0 0.0 0.0 56.0 0.0 0.0 
0.0 0.0 0.0 55.886898040771484 0.0 0.0 0.0 0.0 0.0 0.0 57.0 0.0 0.0 0.0 0.0 0.0 0.0 56.822914123535156 0.0 0.0 0.0 0.0 0.0 0.0 58.0 0.0 0.0 0.0 0.0 0.0 0.0 57.90545654296875 
0.0 0.0 0.0 0.0 0.0 58.9387092590332 58.75411605834961 58.24049377441406 58.24049377441406 58.57658386230469 58.9387092590332 59.0 0.0 0.0 0.0 0.0 0.0 58.9387092590332 0.0 0.0 0.0 59.933597564697266 59.41849899291992 59.1026496887207 59.0 0.0 0.0 0.0 0.0 59.1026496887207 59.41849899291992 59.7557373046875 
60.0 0.0 0.0 59.1026496887207 0.0 0.0 0.0 0.0 0.0 0.0 0.0 0.0 0.0 0.0 0.0 0.0 0.0 0.0 0.0 0.0 0.0 0.0 0.0 0.0 0.0 0.0 0.0 0.0 0.0 0.0 0.0 60.897979736328125 
0.0 0.0 0.0 0.0 0.0 0.0 0.0 0.0 0.0 0.0 0.0 0.0 0.0 0.0 0.0 0.0 0.0 0.0 0.0 0.0 0.0 0.0 0.0 0.0 0.0 0.0 0.0 61.837528228759766 0.0 0.0 0.0 0.0 
0.0 0.0 0.0 0.0 0.0 0.0 0.0 0.0 0.0 0.0 0.0 0.0 0.0 0.0 0.0 0.0 0.0 0.0 0.0 0.0 0.0 0.0 62.9155387878418 0.0 0.0 0.0 0.0 0.0 0.0 0.0 0.0 0.0 
0.0 0.0 0.0 0.0 0.0 0.0 0.0 0.0 0.0 0.0 0.0 0.0 0.0 0.0 0.0 0.0 0.0 74.0 0.0 0.0 0.0 82.0 0.0 0.0 0.0 0.0 0.0 0.0 0.0 83.0 0.0 0.0 
0.0 0.0 0.0 0.0 0.0 0.0 0.0 0.0 0.0 0.0 84.0 0.0 0.0 0.0 0.0 0.0 0.0 0.0 0.0 0.0 0.0 0.0 0.0 0.0 0.0 0.0 0.0 0.0 85.0 0.0 0.0 0.0 
0.0 0.0 0.0 0.0 0.0 0.0 0.0 0.0 0.0 86.97268676757812 0.0 0.0 0.0 0.0 0.0 88.0 87.7124252319336 87.0 87.0 87.7124252319336 87.93860626220703 88.21954345703125 0.0 88.21954345703125 0.0 88.0 0.0 89.07300567626953 0.0 89.0 90.2140884399414 90.0 
91.0 91.0 92.77542114257812 92.0 94.0 93.0 0.0 0.0 